33
44
405
185
79
121
385
43
49
10
222
419
11
367
19
372
394
375
70
90
341
20
194
334
109
441
3
129
144
455
163
272
177
213
116
1
176
172
313
340
265
420
146
104
174
327
413
447
365
318
261
328
211
297
183
225
190
320
457
312
64
252
234
17
330
346
178
324
256
270
182
48
30
309
192
68
28
438
6
305
280
4
207
158
138
51
437
443
179
307
245
103
315
378
106
417
415
402
128
452
216
229
209
251
401
162
391
361
88
321
76
363
349
226
12
82
117
407
287
173
332
73
159
156
434
112
282
218
118
338
424
148
9
264
458
45
111
344
240
83
5
423
160
301
87
217
96
397
50
311
262
451
329
260
181
326
66
34
243
257
291
95
136
200
214
126
24
273
288
343
358
242
232
102
449
220
63
75
350
59
454
430
101
98
302
198
110
94
253
155
244
141
376
453
379
373
123
114
374
27
278
169
289
2
56
187
412
150
196
139
279
171
37
322
58
91
450
221
231
29
31
40
298
241
427
440
399
170
208
303
69
119
285
342
71
38
46
293
359
57
152
142
153
357
108
39
135
81
284
442
275
92
310
233
149
228
199
74
52
267
353
236
248
364
22
408
246
325
335
360
132
180
151
191
60
352
331
26
255
36
411
266
389
422
224
14
393
21
157
175
15
189
290
345
380
54
89
188
396
254
130
370
414
416
300
133
42
99
65
134
167
382
390
386
237
197
421
7
205
384
354
250
8
347
168
131
444
227
377
381
296
263
23
410
238
100
392
201
366
93
445
362
283
316
295
398
259
317
165
195
446
456
16
125
323
86
18
85
355
115
429
409
436
433
53
120
107
61
25
122
44
388
154
145
32
72
230
41
351
0
210
428
204
137
339
161
337
219
78
294
306
304
425
35
426
308
80
435
193
62
319
277
143
105
67
299
400
77
55
184
387
281
84
249
113
258
348
239
432
431
247
206
147
166
127
97
212
33
203
404
124
336
333
202
406
448
383
286
356
439
418
271
215
395
164
371
235
368
186
314
292
268
369
269
47
223
403
274
13
140
276
